(5, [92097, 60582, 12501, 80927, 50670])
(10, [25861, 4264, 18665, 43561, 80958, 92097, 60582, 12501, 80927, 50670])
(15, [83783, 80694, 80948, 80121, 80149, 25861, 4264, 18665, 43561, 80958, 92097, 60582, 12501, 80927, 50670])
(20, [80185, 41072, 80119, 55579, 31971, 83783, 80694, 80948, 80121, 80149, 25861, 4264, 18665, 43561, 80958, 92097, 60582, 12501, 80927, 50670])
(25, [80976, 58476, 53906, 61589, 77276, 80185, 41072, 80119, 55579, 31971, 83783, 80694, 80948, 80121, 80149, 25861, 4264, 18665, 43561, 80958, 92097, 60582, 12501, 80927, 50670])
(30, [35821, 54798, 54716, 85869, 80933, 80976, 58476, 53906, 61589, 77276, 80185, 41072, 80119, 55579, 31971, 83783, 80694, 80948, 80121, 80149, 25861, 4264, 18665, 43561, 80958, 92097, 60582, 12501, 80927, 50670])
(35, [71768, 39903, 53765, 48973, 53039, 35821, 54798, 54716, 85869, 80933, 80976, 58476, 53906, 61589, 77276, 80185, 41072, 80119, 55579, 31971, 83783, 80694, 80948, 80121, 80149, 25861, 4264, 18665, 43561, 80958, 92097, 60582, 12501, 80927, 50670])
(40, [41024, 76636, 39916, 80961, 54418, 71768, 39903, 53765, 48973, 53039, 35821, 54798, 54716, 85869, 80933, 80976, 58476, 53906, 61589, 77276, 80185, 41072, 80119, 55579, 31971, 83783, 80694, 80948, 80121, 80149, 25861, 4264, 18665, 43561, 80958, 92097, 60582, 12501, 80927, 50670])
(45, [47698, 47858, 46099, 30622, 89003, 41024, 76636, 39916, 80961, 54418, 71768, 39903, 53765, 48973, 53039, 35821, 54798, 54716, 85869, 80933, 80976, 58476, 53906, 61589, 77276, 80185, 41072, 80119, 55579, 31971, 83783, 80694, 80948, 80121, 80149, 25861, 4264, 18665, 43561, 80958, 92097, 60582, 12501, 80927, 50670])
(50, [25620, 83094, 35414, 76449, 84282, 47698, 47858, 46099, 30622, 89003, 41024, 76636, 39916, 80961, 54418, 71768, 39903, 53765, 48973, 53039, 35821, 54798, 54716, 85869, 80933, 80976, 58476, 53906, 61589, 77276, 80185, 41072, 80119, 55579, 31971, 83783, 80694, 80948, 80121, 80149, 25861, 4264, 18665, 43561, 80958, 92097, 60582, 12501, 80927, 50670])
(55, [57169, 27299, 35259, 67973, 84333, 25620, 83094, 35414, 76449, 84282, 47698, 47858, 46099, 30622, 89003, 41024, 76636, 39916, 80961, 54418, 71768, 39903, 53765, 48973, 53039, 35821, 54798, 54716, 85869, 80933, 80976, 58476, 53906, 61589, 77276, 80185, 41072, 80119, 55579, 31971, 83783, 80694, 80948, 80121, 80149, 25861, 4264, 18665, 43561, 80958, 92097, 60582, 12501, 80927, 50670])
(60, [86057, 11203, 47428, 57851, 53581, 57169, 27299, 35259, 67973, 84333, 25620, 83094, 35414, 76449, 84282, 47698, 47858, 46099, 30622, 89003, 41024, 76636, 39916, 80961, 54418, 71768, 39903, 53765, 48973, 53039, 35821, 54798, 54716, 85869, 80933, 80976, 58476, 53906, 61589, 77276, 80185, 41072, 80119, 55579, 31971, 83783, 80694, 80948, 80121, 80149, 25861, 4264, 18665, 43561, 80958, 92097, 60582, 12501, 80927, 50670])
(65, [40502, 84157, 3541, 10397, 13, 86057, 11203, 47428, 57851, 53581, 57169, 27299, 35259, 67973, 84333, 25620, 83094, 35414, 76449, 84282, 47698, 47858, 46099, 30622, 89003, 41024, 76636, 39916, 80961, 54418, 71768, 39903, 53765, 48973, 53039, 35821, 54798, 54716, 85869, 80933, 80976, 58476, 53906, 61589, 77276, 80185, 41072, 80119, 55579, 31971, 83783, 80694, 80948, 80121, 80149, 25861, 4264, 18665, 43561, 80958, 92097, 60582, 12501, 80927, 50670])
(70, [59896, 27053, 35438, 64950, 59889, 40502, 84157, 3541, 10397, 13, 86057, 11203, 47428, 57851, 53581, 57169, 27299, 35259, 67973, 84333, 25620, 83094, 35414, 76449, 84282, 47698, 47858, 46099, 30622, 89003, 41024, 76636, 39916, 80961, 54418, 71768, 39903, 53765, 48973, 53039, 35821, 54798, 54716, 85869, 80933, 80976, 58476, 53906, 61589, 77276, 80185, 41072, 80119, 55579, 31971, 83783, 80694, 80948, 80121, 80149, 25861, 4264, 18665, 43561, 80958, 92097, 60582, 12501, 80927, 50670])
(75, [37331, 17119, 53081, 15478, 83691, 59896, 27053, 35438, 64950, 59889, 40502, 84157, 3541, 10397, 13, 86057, 11203, 47428, 57851, 53581, 57169, 27299, 35259, 67973, 84333, 25620, 83094, 35414, 76449, 84282, 47698, 47858, 46099, 30622, 89003, 41024, 76636, 39916, 80961, 54418, 71768, 39903, 53765, 48973, 53039, 35821, 54798, 54716, 85869, 80933, 80976, 58476, 53906, 61589, 77276, 80185, 41072, 80119, 55579, 31971, 83783, 80694, 80948, 80121, 80149, 25861, 4264, 18665, 43561, 80958, 92097, 60582, 12501, 80927, 50670])
(80, [2680, 23250, 24760, 57325, 22005, 37331, 17119, 53081, 15478, 83691, 59896, 27053, 35438, 64950, 59889, 40502, 84157, 3541, 10397, 13, 86057, 11203, 47428, 57851, 53581, 57169, 27299, 35259, 67973, 84333, 25620, 83094, 35414, 76449, 84282, 47698, 47858, 46099, 30622, 89003, 41024, 76636, 39916, 80961, 54418, 71768, 39903, 53765, 48973, 53039, 35821, 54798, 54716, 85869, 80933, 80976, 58476, 53906, 61589, 77276, 80185, 41072, 80119, 55579, 31971, 83783, 80694, 80948, 80121, 80149, 25861, 4264, 18665, 43561, 80958, 92097, 60582, 12501, 80927, 50670])
(85, [28211, 50382, 25347, 11635, 57448, 2680, 23250, 24760, 57325, 22005, 37331, 17119, 53081, 15478, 83691, 59896, 27053, 35438, 64950, 59889, 40502, 84157, 3541, 10397, 13, 86057, 11203, 47428, 57851, 53581, 57169, 27299, 35259, 67973, 84333, 25620, 83094, 35414, 76449, 84282, 47698, 47858, 46099, 30622, 89003, 41024, 76636, 39916, 80961, 54418, 71768, 39903, 53765, 48973, 53039, 35821, 54798, 54716, 85869, 80933, 80976, 58476, 53906, 61589, 77276, 80185, 41072, 80119, 55579, 31971, 83783, 80694, 80948, 80121, 80149, 25861, 4264, 18665, 43561, 80958, 92097, 60582, 12501, 80927, 50670])
(90, [7909, 42320, 67305, 33270, 53680, 28211, 50382, 25347, 11635, 57448, 2680, 23250, 24760, 57325, 22005, 37331, 17119, 53081, 15478, 83691, 59896, 27053, 35438, 64950, 59889, 40502, 84157, 3541, 10397, 13, 86057, 11203, 47428, 57851, 53581, 57169, 27299, 35259, 67973, 84333, 25620, 83094, 35414, 76449, 84282, 47698, 47858, 46099, 30622, 89003, 41024, 76636, 39916, 80961, 54418, 71768, 39903, 53765, 48973, 53039, 35821, 54798, 54716, 85869, 80933, 80976, 58476, 53906, 61589, 77276, 80185, 41072, 80119, 55579, 31971, 83783, 80694, 80948, 80121, 80149, 25861, 4264, 18665, 43561, 80958, 92097, 60582, 12501, 80927, 50670])
(95, [23377, 78559, 46392, 76856, 11606, 7909, 42320, 67305, 33270, 53680, 28211, 50382, 25347, 11635, 57448, 2680, 23250, 24760, 57325, 22005, 37331, 17119, 53081, 15478, 83691, 59896, 27053, 35438, 64950, 59889, 40502, 84157, 3541, 10397, 13, 86057, 11203, 47428, 57851, 53581, 57169, 27299, 35259, 67973, 84333, 25620, 83094, 35414, 76449, 84282, 47698, 47858, 46099, 30622, 89003, 41024, 76636, 39916, 80961, 54418, 71768, 39903, 53765, 48973, 53039, 35821, 54798, 54716, 85869, 80933, 80976, 58476, 53906, 61589, 77276, 80185, 41072, 80119, 55579, 31971, 83783, 80694, 80948, 80121, 80149, 25861, 4264, 18665, 43561, 80958, 92097, 60582, 12501, 80927, 50670])
(100, [43385, 2737, 31008, 88930, 72607, 23377, 78559, 46392, 76856, 11606, 7909, 42320, 67305, 33270, 53680, 28211, 50382, 25347, 11635, 57448, 2680, 23250, 24760, 57325, 22005, 37331, 17119, 53081, 15478, 83691, 59896, 27053, 35438, 64950, 59889, 40502, 84157, 3541, 10397, 13, 86057, 11203, 47428, 57851, 53581, 57169, 27299, 35259, 67973, 84333, 25620, 83094, 35414, 76449, 84282, 47698, 47858, 46099, 30622, 89003, 41024, 76636, 39916, 80961, 54418, 71768, 39903, 53765, 48973, 53039, 35821, 54798, 54716, 85869, 80933, 80976, 58476, 53906, 61589, 77276, 80185, 41072, 80119, 55579, 31971, 83783, 80694, 80948, 80121, 80149, 25861, 4264, 18665, 43561, 80958, 92097, 60582, 12501, 80927, 50670])
