(5, [12501, 18665, 43561, 80927, 50670])
(10, [55579, 4264, 12501, 18665, 43561, 60582, 80958, 92097, 80927, 50670])
(15, [55579, 80119, 80121, 80149, 80185, 80694, 4264, 12501, 18665, 43561, 60582, 80958, 92097, 80927, 50670])
(20, [25861, 31971, 41072, 55579, 80119, 80121, 80149, 80185, 80694, 80948, 83783, 4264, 12501, 18665, 43561, 60582, 80958, 92097, 80927, 50670])
(25, [58476, 61589, 77276, 80933, 80976, 25861, 31971, 41072, 55579, 80119, 80121, 80149, 80185, 80694, 80948, 83783, 4264, 12501, 18665, 43561, 60582, 80958, 92097, 80927, 50670])
(30, [54418, 54798, 53906, 54716, 58476, 61589, 77276, 80933, 80976, 85869, 25861, 31971, 41072, 55579, 80119, 80121, 80149, 80185, 80694, 80948, 83783, 4264, 12501, 18665, 43561, 60582, 80958, 92097, 80927, 50670])
(35, [53765, 54418, 54798, 67973, 71768, 76449, 76636, 53906, 54716, 58476, 61589, 77276, 80933, 80976, 85869, 25861, 31971, 41072, 55579, 80119, 80121, 80149, 80185, 80694, 80948, 83783, 4264, 12501, 18665, 43561, 60582, 80958, 92097, 80927, 50670])
(40, [46099, 47698, 47858, 48973, 53039, 53765, 54418, 54798, 67973, 71768, 76449, 76636, 53906, 54716, 58476, 61589, 77276, 80933, 80976, 85869, 25861, 31971, 41072, 55579, 80119, 80121, 80149, 80185, 80694, 80948, 83783, 4264, 12501, 18665, 43561, 60582, 80958, 92097, 80927, 50670])
(45, [35821, 39903, 39916, 41024, 46099, 47698, 47858, 48973, 53039, 53765, 54418, 54798, 67973, 71768, 76449, 76636, 80961, 53906, 54716, 58476, 61589, 77276, 80933, 80976, 85869, 25861, 31971, 41072, 55579, 80119, 80121, 80149, 80185, 80694, 80948, 83783, 4264, 12501, 18665, 43561, 60582, 80958, 92097, 80927, 50670])
(50, [35259, 35414, 35821, 39903, 39916, 41024, 46099, 47698, 47858, 48973, 53039, 53765, 54418, 54798, 67973, 71768, 76449, 76636, 80961, 83094, 84282, 84333, 53906, 54716, 58476, 61589, 77276, 80933, 80976, 85869, 25861, 31971, 41072, 55579, 80119, 80121, 80149, 80185, 80694, 80948, 83783, 4264, 12501, 18665, 43561, 60582, 80958, 92097, 80927, 50670])
(55, [59896, 64950, 25620, 30622, 35259, 35414, 35821, 39903, 39916, 41024, 46099, 47698, 47858, 48973, 53039, 53765, 54418, 54798, 67973, 71768, 76449, 76636, 80961, 83094, 84282, 84333, 89003, 53906, 54716, 58476, 61589, 77276, 80933, 80976, 85869, 25861, 31971, 41072, 55579, 80119, 80121, 80149, 80185, 80694, 80948, 83783, 4264, 12501, 18665, 43561, 60582, 80958, 92097, 80927, 50670])
(60, [53581, 57169, 57325, 57851, 59889, 59896, 64950, 25620, 30622, 35259, 35414, 35821, 39903, 39916, 41024, 46099, 47698, 47858, 48973, 53039, 53765, 54418, 54798, 67973, 71768, 76449, 76636, 80961, 83094, 84282, 84333, 89003, 53906, 54716, 58476, 61589, 77276, 80933, 80976, 85869, 25861, 31971, 41072, 55579, 80119, 80121, 80149, 80185, 80694, 80948, 83783, 4264, 12501, 18665, 43561, 60582, 80958, 92097, 80927, 50670])
(65, [35438, 37331, 40502, 47428, 53081, 53581, 57169, 57325, 57851, 59889, 59896, 64950, 25620, 30622, 35259, 35414, 35821, 39903, 39916, 41024, 46099, 47698, 47858, 48973, 53039, 53765, 54418, 54798, 67973, 71768, 76449, 76636, 80961, 83094, 84282, 84333, 89003, 53906, 54716, 58476, 61589, 77276, 80933, 80976, 85869, 25861, 31971, 41072, 55579, 80119, 80121, 80149, 80185, 80694, 80948, 83783, 4264, 12501, 18665, 43561, 60582, 80958, 92097, 80927, 50670])
(70, [22005, 24760, 27053, 27299, 35438, 37331, 40502, 47428, 53081, 53581, 57169, 57325, 57851, 59889, 59896, 64950, 83691, 25620, 30622, 35259, 35414, 35821, 39903, 39916, 41024, 46099, 47698, 47858, 48973, 53039, 53765, 54418, 54798, 67973, 71768, 76449, 76636, 80961, 83094, 84282, 84333, 89003, 53906, 54716, 58476, 61589, 77276, 80933, 80976, 85869, 25861, 31971, 41072, 55579, 80119, 80121, 80149, 80185, 80694, 80948, 83783, 4264, 12501, 18665, 43561, 60582, 80958, 92097, 80927, 50670])
(75, [10397, 11203, 15478, 17119, 22005, 24760, 27053, 27299, 35438, 37331, 40502, 47428, 53081, 53581, 57169, 57325, 57851, 59889, 59896, 64950, 83691, 84157, 25620, 30622, 35259, 35414, 35821, 39903, 39916, 41024, 46099, 47698, 47858, 48973, 53039, 53765, 54418, 54798, 67973, 71768, 76449, 76636, 80961, 83094, 84282, 84333, 89003, 53906, 54716, 58476, 61589, 77276, 80933, 80976, 85869, 25861, 31971, 41072, 55579, 80119, 80121, 80149, 80185, 80694, 80948, 83783, 4264, 12501, 18665, 43561, 60582, 80958, 92097, 80927, 50670])
(80, [53683, 53813, 13, 3541, 10397, 11203, 15478, 17119, 22005, 24760, 27053, 27299, 35438, 37331, 40502, 47428, 53081, 53581, 57169, 57325, 57851, 59889, 59896, 64950, 83691, 84157, 86057, 25620, 30622, 35259, 35414, 35821, 39903, 39916, 41024, 46099, 47698, 47858, 48973, 53039, 53765, 54418, 54798, 67973, 71768, 76449, 76636, 80961, 83094, 84282, 84333, 89003, 53906, 54716, 58476, 61589, 77276, 80933, 80976, 85869, 25861, 31971, 41072, 55579, 80119, 80121, 80149, 80185, 80694, 80948, 83783, 4264, 12501, 18665, 43561, 60582, 80958, 92097, 80927, 50670])
(85, [46392, 50075, 50382, 51244, 53680, 53683, 53813, 13, 3541, 10397, 11203, 15478, 17119, 22005, 24760, 27053, 27299, 35438, 37331, 40502, 47428, 53081, 53581, 57169, 57325, 57851, 59889, 59896, 64950, 83691, 84157, 86057, 25620, 30622, 35259, 35414, 35821, 39903, 39916, 41024, 46099, 47698, 47858, 48973, 53039, 53765, 54418, 54798, 67973, 71768, 76449, 76636, 80961, 83094, 84282, 84333, 89003, 53906, 54716, 58476, 61589, 77276, 80933, 80976, 85869, 25861, 31971, 41072, 55579, 80119, 80121, 80149, 80185, 80694, 80948, 83783, 4264, 12501, 18665, 43561, 60582, 80958, 92097, 80927, 50670])
(90, [45649, 46096, 46392, 50075, 50382, 51244, 53680, 53683, 53813, 56106, 56746, 56835, 13, 3541, 10397, 11203, 15478, 17119, 22005, 24760, 27053, 27299, 35438, 37331, 40502, 47428, 53081, 53581, 57169, 57325, 57851, 59889, 59896, 64950, 83691, 84157, 86057, 25620, 30622, 35259, 35414, 35821, 39903, 39916, 41024, 46099, 47698, 47858, 48973, 53039, 53765, 54418, 54798, 67973, 71768, 76449, 76636, 80961, 83094, 84282, 84333, 89003, 53906, 54716, 58476, 61589, 77276, 80933, 80976, 85869, 25861, 31971, 41072, 55579, 80119, 80121, 80149, 80185, 80694, 80948, 83783, 4264, 12501, 18665, 43561, 60582, 80958, 92097, 80927, 50670])
(95, [42320, 43385, 45649, 46096, 46392, 50075, 50382, 51244, 53680, 53683, 53813, 56106, 56746, 56835, 57448, 57480, 58161, 13, 3541, 10397, 11203, 15478, 17119, 22005, 24760, 27053, 27299, 35438, 37331, 40502, 47428, 53081, 53581, 57169, 57325, 57851, 59889, 59896, 64950, 83691, 84157, 86057, 25620, 30622, 35259, 35414, 35821, 39903, 39916, 41024, 46099, 47698, 47858, 48973, 53039, 53765, 54418, 54798, 67973, 71768, 76449, 76636, 80961, 83094, 84282, 84333, 89003, 53906, 54716, 58476, 61589, 77276, 80933, 80976, 85869, 25861, 31971, 41072, 55579, 80119, 80121, 80149, 80185, 80694, 80948, 83783, 4264, 12501, 18665, 43561, 60582, 80958, 92097, 80927, 50670])
(100, [31485, 32898, 33270, 34934, 36051, 42320, 43385, 45649, 46096, 46392, 50075, 50382, 51244, 53680, 53683, 53813, 56106, 56746, 56835, 57448, 57480, 58161, 13, 3541, 10397, 11203, 15478, 17119, 22005, 24760, 27053, 27299, 35438, 37331, 40502, 47428, 53081, 53581, 57169, 57325, 57851, 59889, 59896, 64950, 83691, 84157, 86057, 25620, 30622, 35259, 35414, 35821, 39903, 39916, 41024, 46099, 47698, 47858, 48973, 53039, 53765, 54418, 54798, 67973, 71768, 76449, 76636, 80961, 83094, 84282, 84333, 89003, 53906, 54716, 58476, 61589, 77276, 80933, 80976, 85869, 25861, 31971, 41072, 55579, 80119, 80121, 80149, 80185, 80694, 80948, 83783, 4264, 12501, 18665, 43561, 60582, 80958, 92097, 80927, 50670])
